50
40 42 53 37 54 58 44 48 51 60 52 39 49 47 49 56 49 42 53 52 58 53 56 37 43 48 36 43 47 41 52 40 44 36 41 56 60 46 60 39 52 38 42 46 36 47 59 36 59 60 
10
64 37 40 47 46 43 53 47 41 54 
122
33 38
9 38
42 45
11 17
11 33
18 36
22 32
13 29
41 42
12 13
13 16
22 40
2 26
12 35
18 32
22 38
15 27
33 36
38 40
15 23
9 26
1 19
29 42
14 43
7 18
3 15
40 44
13 42
2 49
16 31
28 47
14 49
14 36
3 49
24 49
21 33
2 20
9 28
30 37
38 50
18 49
12 31
16 40
2 7
30 41
3 38
23 44
43 44
10 29
19 36
17 28
25 44
16 45
9 50
38 46
1 36
10 37
17 21
9 16
31 48
1 48
33 49
44 48
31 50
21 44
8 48
2 31
12 46
14 31
17 46
26 44
10 46
20 35
1 13
23 42
16 20
11 44
11 14
25 43
18 30
13 27
25 29
25 50
22 28
34 46
12 45
10 16
22 47
2 16
24 29
47 48
7 38
6 46
17 42
10 26
26 41
6 8
8 39
15 41
13 28
10 14
10 32
13 38
6 47
20 41
9 35
36 49
21 45
16 29
10 47
28 44
31 42
12 19
16 48
13 24
9 34
7 47
17 29
16 35
22 24
23 39
34 36
