40
56 42 37 59 57 42 59 35 44 41 35 45 35 57 55 42 57 50 56 57 58 44 56 55 41 37 58 41 41 51 41 51 53 39 47 55 45 38 54 60 
8
64 35 38 40 50 46 49 43 
78
18 20
1 35
9 20
21 23
23 36
12 34
20 21
26 27
10 39
14 39
1 32
17 24
2 39
22 27
33 37
1 26
28 39
17 23
26 37
23 40
1 18
15 34
22 35
10 15
6 29
5 17
17 18
1 37
1 9
5 31
9 16
23 39
7 8
3 11
37 39
4 38
19 37
9 34
4 37
15 29
1 28
8 32
15 23
1 24
26 33
29 31
5 21
8 37
16 40
16 26
13 40
19 39
20 25
11 13
16 17
5 38
18 28
28 35
35 39
35 36
13 19
12 18
14 38
11 21
6 26
18 26
8 15
21 33
5 8
9 21
15 36
4 33
13 17
6 15
2 34
5 28
9 29
12 23
