40
44 37 54 37 50 40 40 37 36 53 41 59 56 59 56 60 60 58 47 46 59 59 44 52 55 44 55 49 52 41 53 54 60 50 35 60 52 44 58 35 
8
63 48 49 40 53 36 45 49 
156
4 9
8 22
19 25
14 36
5 6
11 12
29 30
5 37
30 31
6 30
13 31
9 15
1 34
23 26
15 24
21 24
5 30
21 23
11 26
16 25
10 37
2 4
15 16
12 31
13 14
1 28
22 24
9 19
2 32
8 17
25 28
24 29
14 38
5 38
29 35
1 32
9 18
22 37
18 37
17 29
3 8
12 24
8 16
3 32
2 27
24 36
9 25
28 31
13 19
8 32
10 22
7 35
1 9
16 28
4 17
7 9
6 18
3 17
1 38
2 38
2 39
17 27
18 24
12 14
4 35
22 32
9 29
5 26
18 39
21 31
6 32
3 4
37 38
15 27
23 25
22 29
24 38
33 38
26 40
2 25
14 19
18 36
15 25
13 30
6 19
1 19
8 19
23 33
15 19
11 32
10 17
29 31
11 33
23 38
17 23
16 31
30 37
27 29
24 32
8 29
21 39
29 40
3 23
21 35
34 37
2 8
20 24
2 3
22 30
8 30
30 32
24 40
29 32
16 34
19 28
14 34
19 35
14 35
1 11
6 27
38 40
21 37
11 38
1 26
1 6
20 33
19 27
1 17
23 32
1 22
13 34
8 24
3 19
9 33
11 20
11 31
3 7
30 40
24 33
6 17
8 36
33 40
3 40
5 34
27 31
30 36
9 23
20 34
5 24
30 35
2 28
24 27
19 30
14 37
7 24
15 40
